A)

Class123

[125, 0, 0]
[0, 125, 0]
[0, 0, 125]

Class12

[125, 0]
[0, 125]

Class23

[125, 0]
[0, 125]

Class31

[125, 0]
[0, 125]

B)

Class123

[125, 0, 0]
[0, 125, 0]
[0, 0, 125]

Class12

[125, 0]
[0, 125]

Class23

[125, 0]
[0, 125]

Class31

[125, 0]
[0, 125]

C)

Class123

[119, 6, 0]
[0, 125, 0]
[0, 5, 120]

Class12

[119, 6]
[0, 125]

Class23

[125, 0]
[5, 120]

Class31

[125, 0]
[0, 125]

D)

Class123

[125, 0, 0]
[0, 125, 0]
[0, 0, 125]

Class12

[125, 0]
[0, 125]

Class23

[125, 0]
[0, 125]

Class31

[125, 0]
[0, 125]