A)

Class123

[110, 15, 0]
[20, 86, 19]
[0, 15, 110]

Class12

[110, 15]
[20, 105]

Class23

[106, 19]
[15, 110]

Class31

[125, 0]
[0, 125]


B)

Class123

[115, 10, 0]
[12, 109, 4]
[0, 4, 121]

Class12

[115, 10]
[12, 113]

Class23

[121, 4]
[4, 121]

Class31

[125, 0]
[0, 125]

C)

Class123

[118, 7, 0]
[26, 77, 22]
[0, 7, 118]

Class12

[118, 7]
[26, 99]

Class23

[103, 22]
[7, 118]

Class31

[125, 0]
[0, 125]


D)

Class123

[114, 11, 0]
[12, 110, 3]
[0, 7, 118]

Class12

[114, 11]
[12, 113]

Class23

[122, 3]
[7, 118]

Class31

[125, 0]
[0, 125]
