A)

Class123

[206, 348, 18]
[24, 570, 3]
[0, 0, 613]

Class12

[224, 348]
[27, 570]

Class23

[593, 4]
[0, 613]

Class31

[554, 18]
[0, 613]

B)

Class123

[210, 345, 17]
[23, 571, 3]
[0, 0, 613]

Class12

[227, 345]
[26, 571]

Class23

[586, 11]
[0, 613]

Class31

[555, 17]
[0, 613]

C)

Class123

[205, 352, 15]
[17, 577, 3]
[1, 0, 612]

Class12

[215, 357]
[19, 578]

Class23

[594, 3]
[1, 612]

Class31

[555, 17]
[0, 613]

D)

Class123

[208, 345, 19]
[11, 571, 15]
[0, 0, 613]

Class12

[227, 345]
[26, 571]

Class23

[581, 16]
[0, 613]

Class31

[553, 19]
[0, 613]
